124 533
925 436
679 374
454 592
364 430
930 766
121 730
996 279
906 435
207 124
354 204
653 58
666 840
870 196
572 657
411 972
608 814
647 162
653 506
98 296
17 1
62 176
731 785
80 656
318 596
548 372
906 461
937 589
320 190
135 779
235 295
320 398
109 812
527 48
689 80
576 873
526 714
521 313
986 193
259 122
1000 201
759 500
522 674
863 841
162 685
58 601
851 580
499 581
193 323
474 373
938 554
815 217
764 709
538 344
802 964
286 331
148 438
539 973
484 675
422 941
678 623
861 814
337 787
60 682
582 15
456 167
334 601
622 457
50 480
850 461
736 595
338 461
66 90
135 540
938 222
505 710
429 311
722 780
239 344
856 360
155 785
369 572
565 866
436 779
329 868
210 340
17 28
783 800
646 699
877 924
696 871
635 376
395 99
306 256
820 907
760 883
153 40
820 991
931 759
351 974
871 743
802 613
494 169
931 652
465 317
312 502
414 260
308 383
855 512
850 350
465 575
756 127
508 188
965 728
524 372
362 152
58 131
433 88
708 201
409 986
736 514
239 707
395 870
54 457
645 264
800 581
554 135
143 889
126 379
903 382
473 553
705 51
716 828
124 598
48 762
92 986
833 868
880 698
204 467
567 883
171 900
546 709
453 973
115 195
636 51
603 339
668 111
727 962
63 382
530 410
907 611
792 928
997 19
633 330
897 43
650 782
769 802
261 142
3 656
880 724
201 238
568 647
377 481
563 299
353 86
137 653
932 769
663 63
281 868
559 769
903 659
486 265
155 440
315 953
310 76
887 618
780 477
263 533
39 758
768 659
679 905
154 753
60 151
619 88
896 496
761 775
357 859
411 655
536 505
439 88
135 384
500 270
96 791
410 914
780 838
618 700
224 786
154 240
395 12
137 144
165 25
761 374
305 99
537 477
45 859
91 523
270 306
250 986
115 840
437 597
1000 680
760 855
933 921
22 261
194 831
354 729
604 862
677 885
711 611
801 258
439 466
935 48
267 310
405 474
351 170
287 723
17 255
411 206
397 226
406 341
501 813
706 592
578 162
226 306
196 994
195 412
382 589
933 487
186 828
827 261
811 394
539 994
939 426
15 816
747 560
710 523
450 285
823 705
887 704
684 437
844 669
817 66
14 994
285 327
577 2
485 766
502 389
978 457
120 563
730 638
905 309
772 907
606 125
551 109
791 488
861 786
589 694
110 582
828 973
662 633
454 777
355 11
449 225
286 123
98 752
544 134
453 711
562 688
228 548
107 205
284 504
248 594
898 943
918 719
989 366
411 221
921 977
599 941
480 456
770 303
598 292
301 579
213 545
139 966
547 291
660 270
356 425
244 726
881 174
618 138
873 467
557 540
608 818
301 376
519 218
621 373
358 866
46 36
555 399
345 654
521 1000
429 551
316 955
776 652
848 828
356 105
339 49
307 479
732 250
345 539
944 210
683 219
534 381
477 645
211 12
607 692
247 802
233 480
34 995
219 525
43 178
915 98
352 557
106 244
366 846
623 227
523 210
105 654
921 830
420 382
478 297
413 314
247 37
379 267
64 294
60 38
126 144
618 344
830 487
107 395
26 105
889 566
506 980
615 772
837 693
822 532
382 197
209 258
736 957
414 274
176 259
52 931
673 493
242 388
146 665
575 319
591 228
803 940
769 604
110 50
162 746
408 546
620 752
648 571
368 184
164 630
816 493
645 883
129 212
761 486
768 29
560 274
238 879
707 183
407 376
275 157
536 770
628 281
53 689
688 967
864 17
691 578
683 791
393 701
127 570
488 600
453 819
451 956
161 597
666 447
444 387
390 358
744 302
908 339
68 725
714 120
454 226
462 447
267 706
792 735
791 337
526 444
226 221
76 643
3 671
734 110
646 556
303 546
51 524
648 649
269 211
344 248
194 872
178 671
344 960
111 443
172 912
462 347
240 460
318 991
915 538
561 993
317 46
708 201
466 204
229 173
279 57
505 28
190 230
86 962
797 833
933 896
425 612
316 421
43 975
162 672
483 841
446 809
289 644
160 500
749 373
202 138
144 326
53 931
559 157
739 601
319 581
246 434
582 644
115 628
907 637
721 896
956 582
158 558
254 863
362 772
811 390
14 942
529 594
220 41
824 784
947 188
73 619
449 370
197 722
683 888
877 807
241 216
157 110
90 828
557 288
748 102
118 555
661 963
583 377
377 541
948 203
364 398
360 587
796 449
33 375
493 507
597 588
853 199
17 134
554 699
638 449
661 690
259 287
748 33
71 577
277 117
636 904
411 267
224 8
831 848
550 511
280 997
486 281
334 213
757 232
157 62
18 487
923 471
991 451
765 986
41 885
734 789
381 102
138 483
947 902
994 552
366 191
788 441
334 828
510 58
483 561
447 912
756 76
994 467
578 767
900 998
818 841
515 775
110 817
914 690
358 388
330 472
779 916
408 275
753 236
151 743
615 400
49 574
994 377
895 887
943 433
705 729
299 988
793 72
542 189
139 125
477 881
705 707
741 55
969 239
995 326
486 769
625 456
702 410
11 514
523 416
138 600
84 571
695 884
176 994
144 143
88 792
170 219
14 910
917 246
867 341
437 898
597 307
915 851
245 430
78 99
692 667
969 111
216 670
742 270
120 971
511 788
627 678
815 910
642 29
212 621
431 881
58 23
695 988
363 115
630 87
271 996
560 499
989 934
133 812
674 430
95 161
62 624
184 32
616 551
365 836
216 256
84 789
201 950
849 6
954 537
990 575
929 276
183 6
920 138
748 285
944 933
841 879
258 746
615 428
223 714
99 731
306 489
626 928
841 601
881 685
641 550
999 64
450 505
696 721
787 504
530 545
365 807
164 237
865 410
720 373
17 203
56 162
984 545
891 166
238 447
588 100
168 400
88 393
557 312
455 367
860 269
856 237
290 624
115 30
895 110
264 963
621 885
665 504
855 145
171 141
671 200
203 352
279 941
907 274
702 919
13 350
296 600
522 508
401 307
415 391
889 857
605 104
136 64
941 403
949 306
47 500
943 737
221 656
331 347
491 83
308 597
925 959
130 326
962 854
101 827
958 248
835 825
532 58
941 270
771 717
340 197
330 317
518 792
147 396
690 239
393 324
453 177
821 63
965 931
734 724
903 218
179 975
982 130
861 606
652 69
36 852
324 446
611 719
193 40
774 571
177 871
36 137
896 888
735 568
888 389
606 938
840 133
328 481
398 996
416 649
218 261
99 731
924 108
794 573
274 149
477 554
839 921
494 379
262 944
895 321
874 376
149 435
330 859
294 395
190 158
226 153
197 843
798 601
99 209
549 139
198 890
553 787
324 748
977 539
890 261
110 15
566 291
489 415
317 253
497 358
247 313
319 23
634 171
584 286
751 217
514 202
899 980
416 703
436 665
864 426
344 80
763 235
174 46
148 438
930 656
611 883
798 728
267 362
76 85
478 366
909 460
329 687
761 803
746 484
637 701
863 347
833 802
275 664
41 995
834 676
777 980
155 537
531 461
359 376
473 77
127 567
975 845
234 938
922 618
587 1000
636 59
183 308
116 547
784 929
419 108
657 93
468 265
575 426
126 46
336 776
376 323
943 971
420 83
957 497
58 305
696 849
857 307
249 897
557 291
800 912
192 275
373 339
587 593
812 889
488 957
392 456
613 222
88 553
868 294
856 565
438 183
910 865
794 738
936 986
321 872
521 118
639 497
787 754
527 347
148 453
663 661
698 727
151 527
906 988
839 945
255 365
502 525
411 264
405 505
637 89
617 568
779 805
528 352
5 467
659 721
327 191
34 873
61 586
140 814
368 268
437 945
164 964
426 260
716 148
396 320
685 621
452 656
614 175
613 743
79 1000
424 577
655 788
364 981
509 526
206 482
118 882
819 941
389 557
240 510
535 534
644 671
358 252
412 942
511 615
935 168
603 705
690 795
732 123
757 702
798 777
357 504
228 263
165 418
602 649
533 913
838 338
451 834
577 73
257 71
655 829
176 539
257 498
189 151
172 767
232 725
943 596
267 886
900 415
649 501
500 432
648 643
967 947
611 645
416 677
756 1000
147 797
715 251
986 130
536 553
872 985
527 562
82 302
905 914
554 175
449 393
155 519
694 170
255 322
961 975
543 49
223 491
703 733
480 518
597 276
973 848
156 453
814 448
263 798
854 936
996 157
529 742
968 506
505 462
891 239
180 905
755 706
263 997
824 667
507 208
712 506
819 933
292 279
165 337
441 103
395 501
210 727
495 966
12 934
653 912
98 545
702 672
241 902
789 695
556 120
168 731
580 647
409 779
46 144
952 880
537 194
757 471
207 904
727 677
513 88
9 740
495 4
782 450
265 574
930 427
698 957
128 389
641 467
520 643
127 981
764 767
608 742
967 311
671 423
227 620
735 72
941 984
604 99
365 325
722 412
780 314
609 58
571 825
252 256
299 143
409 60
533 495
838 758
461 912
322 515
58 1000
623 106
84 785
1000 321
474 424
484 382
961 604
421 73
582 977
8 340
742 17
650 769
498 761
321 850
