8826 2436
5296 9858
9671 1031
9041 7381
8588 7084
6184 6169
9496 7128
1397 1587
4808 9521
8086 9515
5637 9817
5620 3276
3644 6042
5670 8491
4480 3435
2967 8932
2295 9079
4786 5658
7090 4542
8454 1489
1023 2666
5326 4288
9137 2714
7740 8504
1349 1231
6108 9946
1381 2406
6079 4822
5742 4930
1879 2031
3302 2442
5135 6284
9938 2590
4888 2984
3355 8312
9884 3753
7414 3139
2619 8985
3774 9772
5803 6446
3100 1180
9013 6396
2859 8012
4570 3629
6707 2953
5718 5210
4366 9050
8176 1948
3755 2698
6516 9742
1225 1216
2162 2691
6941 7478
8277 6685
9539 3550
4739 2629
9701 7948
5867 3255
1782 8351
3156 6460
7181 5128
1033 9592
7532 7111
5729 3498
7490 1861
9271 4715
9914 4416
3145 1782
5663 3556
8286 7587
9174 5177
7423 1529
1336 7073
7890 6185
3547 3624
1959 9379
1698 2496
8582 6594
1123 9661
4172 9342
9310 4657
4269 3597
9969 4019
1355 9787
8338 3898
3969 5459
8210 4138
6651 7090
3276 8733
1247 8106
6439 4923
8104 9849
4280 2894
5618 5151
2077 1965
5498 2243
3465 7232
9805 2690
2263 5665
1633 2173
9443 9457
8953 8705
8050 3940
2426 5735
2924 9639
3190 4632
6878 2590
3318 5414
8765 8002
7190 1816
3894 1554
4029 3006
7320 2806
5405 2351
9555 4996
9237 8464
5335 5624
1533 8039
4351 9301
3627 5436
7978 7392
7953 6617
4076 4465
3785 6486
2256 2692
3237 7635
7607 1368
2912 8856
8365 4661
1808 4466
5386 5157
9011 6595
7266 9439
8029 9904
5555 7736
1052 3845
9649 7146
8379 4448
4947 5995
8802 1948
9727 9049
6008 8043
7969 5184
1414 6602
9860 7419
2784 9901
6081 8218
2387 2359
8715 4055
2467 3200
1533 4126
1715 7362
9442 2922
3105 2280
3068 4465
4726 6367
5524 4585
6681 8735
1615 1763
1102 5956
2109 5256
4427 9803
8298 5976
9418 2914
2633 9834
6088 4402
2645 1616
9884 1588
3559 3911
9881 8034
4208 5787
9179 7855
7504 2072
1774 4810
6906 2401
5309 4353
7823 2505
5862 9611
9317 9359
2969 8904
9505 1031
8087 6359
1908 5295
3256 7916
8796 2419
5610 2671
2420 5405
7101 3078
8720 5053
8433 6187
4316 1270
7597 9228
1713 1056
6249 5844
5470 9942
1427 4071
3811 1101
2249 2424
2578 4956
8657 8721
7822 7930
9568 2071
3896 5553
7374 2944
5664 9404
3400 9246
4495 9047
6866 2243
5353 8502
1983 4889
8793 8138
9782 3598
7867 6628
8432 6278
2268 6351
5611 4630
8293 5415
7520 4811
1787 9695
5479 8202
8796 6659
7878 2571
8256 3871
6599 9723
6563 9164
7048 4271
5410 7153
2050 6405
8639 7198
3308 4059
7895 2221
2711 8643
5636 8294
7303 1615
4254 2536
5976 6055
2980 1549
1009 1716
7137 5438
8520 9326
4332 2323
1472 9659
5737 8154
9072 8516
6289 1915
6022 9066
5848 9093
3743 5265
2284 2596
5279 6874
1995 1186
3363 3861
2887 6395
2146 4420
3172 5206
4361 7947
8662 7897
2379 5793
6596 5370
7585 8674
9996 2973
3485 9983
4538 1209
3531 5889
3488 4165
1994 8866
1216 6049
8631 9761
4397 7755
1610 1297
5657 9037
9452 5093
9444 4361
6212 7583
3748 4543
9929 1177
9776 7118
6094 4907
6504 6498
9369 8270
2583 7490
9991 5045
7101 7822
2575 3810
9776 6601
6069 7833
8835 9539
2681 4054
3803 9365
4606 3132
3357 2063
3563 7299
9760 6082
5125 4915
2783 8286
2377 9864
2421 9016
4301 9359
8950 4530
9466 4293
7573 5756
2142 8764
8568 6653
4846 2254
5921 8421
1561 9975
1607 3833
3600 4430
2607 7645
5287 7064
8239 3692
5296 5470
2857 6985
3646 9533
7464 9319
6345 3616
5779 9784
5867 9658
5816 7142
6291 6228
4044 2889
6786 1755
7088 8393
6408 3080
6486 1205
1841 9363
2046 5139
6193 4304
3415 1928
2529 5034
8128 8091
6354 5034
7884 1320
2615 7034
5239 2735
4897 4082
8690 8303
8077 1580
5957 4732
7962 9424
4128 7629
4234 4162
5325 8526
2940 5842
8847 7506
8069 4520
6881 1343
4870 4267
9197 5527
5802 1840
1988 5611
9357 5546
8060 5865
2584 1342
3706 4863
7552 9873
6707 5322
6961 9235
3060 1814
3745 5251
8158 3307
8514 2480
4828 2635
8512 3058
2133 6269
1675 1193
8743 1494
9289 5987
6611 7142
7009 6498
4800 4931
1739 5842
5628 1412
5140 5978
6927 9686
9069 4940
3532 4875
4085 6490
3430 2337
5145 2449
8031 8364
5621 3527
2330 3609
3601 4746
9702 2523
2824 3758
9149 1312
3823 6827
7026 5655
8263 8821
6683 5381
8019 5537
1691 1662
4245 2143
9065 8760
8883 9781
1277 3971
3445 1948
6584 4434
4357 6199
8642 8492
6384 6130
4059 5618
1895 1788
9843 5312
8399 4236
6763 3950
7620 2885
8359 6965
4650 8289
1948 8317
3126 2823
8713 6024
5902 1491
4687 6078
2834 2033
5887 8493
6137 2429
9452 5240
6319 2575
9577 2064
6969 5421
1848 5820
8590 1770
7798 2048
2646 2718
7162 3941
4107 8685
3574 1711
6712 2353
8200 9362
4290 7958
8807 5111
2303 1824
9406 4258
2412 2338
1883 3114
4193 7543
1857 8673
5838 8404
6170 8008
9760 4105
3151 1170
6768 8852
3393 5329
4121 6323
1214 8877
9284 8311
2014 4491
7184 5818
4476 4505
6227 6173
9209 4068
2630 7631
8689 9954
3149 3848
3958 1519
6964 8144
9578 8243
2921 9598
3992 5403
4330 1842
4407 8817
8244 3987
2969 9223
8768 8835
9192 4071
5990 7113
9563 2277
7224 6968
7908 4562
9280 5523
3829 6529
4500 9165
3930 6950
4663 3364
1184 3878
6601 4721
3128 2258
4970 2732
9615 6034
4243 1800
9371 5239
5521 7168
5048 5979
4505 3306
2521 7092
2070 8556
1460 8429
1590 8109
7109 6852
7159 8143
3990 9832
5437 8605
4682 5931
3793 8315
1038 3741
8611 2801
4772 8665
6036 9308
1265 9522
8086 8614
8105 1440
1574 9828
6086 2498
8921 4602
4342 3916
3539 9213
7338 5677
6541 8855
9184 9493
1835 8529
4934 7192
8366 9957
1606 3056
4165 8272
5212 9036
8033 7356
7462 2032
4557 9755
1608 4755
1690 2291
6822 2814
5140 5685
5380 1224
1206 1518
2557 1125
5866 8057
4371 3656
2728 7584
8767 7242
3598 3849
3276 7667
1165 7987
9135 6176
4566 5684
3040 8303
7189 6511
7368 8977
4064 7359
3828 8522
1936 2519
7595 4943
7833 2578
3840 2694
3963 9534
6653 4934
8710 6578
5326 2405
6523 4665
9999 9938
2582 5853
7698 4365
7627 9616
3237 8930
1561 7992
9112 6844
9108 9560
9921 2641
6241 2125
5072 6374
6606 6788
6505 9821
7146 3646
1037 2974
2234 6486
2974 3933
1468 9491
2040 5606
6030 6004
1147 2697
9159 9532
8825 3413
5889 7077
1008 9593
3224 2519
4030 4984
8112 5192
6743 3643
1630 6970
3367 5384
3120 8960
6257 7446
6581 5528
2494 3759
4851 6468
8915 7372
2319 4259
9347 4201
5294 1717
4951 1379
9737 8039
6546 4529
7497 7425
2337 8103
4464 3680
1027 7920
7711 7382
1817 4915
6765 4079
3723 1803
1236 1552
1522 9388
9215 5087
2002 1971
1659 3411
7400 4873
8202 7349
5114 3811
2494 7282
2204 7017
1488 7967
8640 4133
5048 4072
2025 3666
9104 4738
1440 8113
5037 6492
9336 9658
1472 1370
9296 7467
7965 4866
1916 9556
2115 5694
7293 9160
4541 7312
9205 2175
7593 2786
4780 1426
4406 5513
5174 9151
6767 5231
7550 5601
6734 5077
8334 1663
5859 6359
1147 6680
9896 9891
6232 7044
3910 5893
4456 4020
3207 5086
7027 6750
5306 1321
5119 6493
6751 1612
1157 4433
2334 4758
6407 1413
7592 4125
3991 8764
4634 3214
5762 9863
3991 7936
3779 4651
1831 7377
2949 8217
1634 1505
5242 5199
4767 2329
9442 7628
9675 4615
6494 9630
7343 4377
4788 2807
2006 7309
9998 7541
9761 5589
7559 7292
3873 3574
1461 8078
3715 4928
1157 3801
4658 4839
3226 1319
4302 1169
3349 6019
5457 7482
8041 6598
6445 9887
7664 6363
8128 4825
6946 5735
9717 2677
2944 3907
1119 4651
1335 7298
2658 2155
8993 4257
7509 8306
8895 1255
3652 9963
4605 5457
3513 1552
2832 8438
5352 1897
1800 5817
8801 6923
8323 3242
6409 3948
9502 8737
3718 9911
6151 8727
5185 3898
5720 5184
1135 4361
5545 2283
1124 1171
8443 4243
2756 4962
1354 7243
3963 7628
4725 1432
4391 6493
9171 7620
3404 8910
8772 2747
3152 4787
6393 4771
1315 4718
7688 6233
1870 8937
8175 4345
4439 3451
4702 5063
7804 2501
6196 3833
7648 3563
4326 7081
4006 3378
4905 7483
7528 5173
3325 1144
7843 4663
8519 7511
2354 2228
7301 8111
4435 7090
5632 9201
1307 8672
7256 3025
6745 6544
3313 2821
6222 8470
5913 9188
4516 6630
3977 7922
5473 4581
2819 5522
1681 9089
3348 3825
4853 5962
9137 8488
7104 4247
8388 2523
3522 3412
8546 2952
9892 2187
5382 5188
9801 8726
3589 7068
8054 1171
5616 8579
9032 2389
9754 5974
8757 9852
6547 4583
7847 9454
9381 8008
3976 8874
1506 5229
1068 4231
8348 8403
4048 8424
3764 1518
2756 7391
5358 7512
7737 4559
8062 8458
1552 9881
6179 3989
5086 9502
8238 8894
3340 5513
9577 7908
9364 1183
1490 3639
1473 3485
2760 1413
2201 9165
3174 7472
2480 8381
8950 3712
7973 1199
4906 6102
3723 5834
5278 6682
9690 1300
1760 8113
2486 1684
2441 6685
3367 4272
8131 1693
8587 2890
9245 4589
3650 8265
7691 4657
4154 8620
1093 5544
2781 9317
1107 1177
5548 5747
2532 1434
2778 3216
6644 7902
9961 1739
5416 1059
3935 5387
9770 8213
2927 1077
5279 2939
8577 3561
6569 4828
8471 7707
8349 6212
2571 7614
2939 6437
1159 1713
6683 8110
8637 9089
4993 1339
4718 9356
5681 4529
5155 4959
8637 1909
6979 3202
3939 5775
6796 8633
5104 4351
2767 2123
6450 9245
9973 4265
3049 1117
3343 3435
6976 3482
6887 4493
4209 3128
3269 9995
5007 9923
1027 7472
5132 4846
2207 1469
8585 5189
2748 7877
9687 3688
2048 8680
5558 8145
9330 3206
5570 9000
2952 8926
1906 6120
8096 4875
2083 4383
7748 3425
1880 9486
9510 4317
1543 1042
1193 4766
3521 5851
4454 7520
3031 7739
5210 8272
4685 9895
3370 9882
6887 3439
7290 1927
8513 5991
5593 3297
1543 1143
1827 7433
9204 1255
6128 8845
7091 4359
1121 2684
6986 9928
4007 1289
4635 6776
4546 8793
1190 4838
5444 5006
7515 6696
8216 6627
6187 3766
3747 8799
7433 2051
5513 4946
5566 3571
3468 2930
5084 9540
5143 9224
3718 8056
3371 3364
5320 9555
3387 8061
3865 2151
5909 4903
1575 8768
3767 8987
8242 2185
5941 6098
1656 2132
9798 3338
1797 2817
8449 3291
8018 6937
3947 5619
4040 1792
8702 6502
1310 5116
5039 1774
1370 8012
9333 4595
3223 7247
6219 6969
1991 9827
7326 9951
5628 1364
4961 5968
5514 5241
1774 5218
6035 9595
4279 8090
8886 8549
9912 4251
8391 2398
9716 7214
1748 3305
3178 3691
3274 2486
2194 6015
4134 1344
7466 5906
8971 6353
8900 2398
8148 7095
1292 6258
8844 6912
2177 7945
4012 7275
9192 5204
2457 7105
7653 3357
4777 9878
9499 2204
5367 3720
5540 7644
4993 5822
9990 2554
7456 9785
5632 3424
9729 9403
7423 1520
9773 4754
3740 3689
3693 5658
1809 6229
8430 7279
9314 5877
8929 2231
4663 7549
3083 1506
4141 8243
5361 8364
1622 9232
5120 7889
5979 3561
8198 8085
1891 7709
3096 1160
5079 9343
9341 4995
9413 5623
9616 2706
2588 9006
3549 5054
1476 8352
7696 1177
6742 1826
5424 5178
2884 8380
5036 2436
7791 5156
7084 8271
8236 2801
4123 7401
3479 2932
4661 9594
7826 8056
7131 1507
9421 5557
